Left5c  Left1k  Left2k  Left4k    Right5c  Right1k  Right2k  Right4k
1	0.777542230458121	0.4012197816055	0.255357749669416	0.696286925648825	0.64161745628896	0.237188082649866	0.204088650368402
0.777542230458121	1	0.536550456099304	0.274945067209722	0.551540680760996	0.707026421567219	0.3597445120408	0.216887261229484
0.4012197816055	0.536550456099304	1	0.425018086701961	0.239118060774655	0.445982874807801	0.701144001837988	0.326214468869091
0.255357749669416	0.274945067209722	0.425018086701961	1	0.178980065114913	0.263195861945309	0.316452302491693	0.709740482881872
0.696286925648825	0.551540680760996	0.239118060774655	0.178980065114913	1	0.663438667161344	0.158889535092167	0.132108447446268
0.64161745628896	0.707026421567219	0.445982874807801	0.263195861945309	0.663438667161344	1	0.414232135480867	0.220109484969633
0.237188082649866	0.3597445120408	0.701144001837988	0.316452302491693	0.158889535092167	0.414232135480867	1	0.374558870145179
0.204088650368402	0.216887261229484	0.326214468869091	0.709740482881872	0.132108447446268	0.220109484969633	0.374558870145179	1
